VPC1 Velocity Mapper for Salamander Grand Piano V3 Strikes Back
1
1
1
1
1
1
1
1
1
1
1
1
1
1
1
1
1
1
1
1
1
1
1
1
2
2
3
3
4
4
5
5
6
6
7
7
8
9
10
12
13
14
15
16
17
18
18
19
20
21
22
23
24
24
25
26
27
28
28
29
30
30
31
32
32
33
33
34
34
34
34
35
35
35
35
37
38
40
41
43
44
45
46
47
49
50
51
52
54
56
58
60
62
65
67
70
73
75
78
81
83
86
89
91
94
97
99
102
105
107
110
112
115
117
119
120
121
122
123
123
124
125
125
126
127
127
127
