VPC1 Velocity Mapper for UVI Austrian Grand v1.3
1
1
1
1
1
4
7
10
13
16
19
20
21
23
24
25
26
27
29
30
31
32
34
35
36
37
38
40
41
42
43
44
45
45
46
47
48
49
50
52
53
54
55
56
57
58
59
60
61
62
63
63
64
64
65
65
66
67
68
69
69
70
71
72
73
74
74
75
76
77
77
78
79
79
80
81
82
83
83
84
85
86
86
87
88
89
89
90
91
91
92
92
93
94
95
95
96
97
98
98
99
99
100
101
102
102
103
104
104
105
105
106
107
107
108
109
109
110
111
112
113
114
114
115
115
116
116
