VPC1 Velocity Mapper for UVI Model D v1.1
1
1
1
1
1
1
1
2
2
2
2
4
5
7
8
10
11
13
14
16
17
19
20
22
23
25
26
28
29
31
32
32
33
34
35
35
36
37
38
40
41
42
43
44
45
46
46
47
48
49
50
51
52
52
53
54
55
56
57
58
59
60
61
62
63
65
66
67
68
69
70
71
72
73
74
75
77
78
79
81
82
83
84
85
85
86
87
88
89
90
91
92
93
95
98
100
103
105
106
106
107
107
108
109
110
111
112
113
115
116
117
118
119
119
120
120
121
121
122
123
124
125
125
126
126
127
127
